Mirabella Jones
7.5 8.8 7.0 8.1 8.0 9.8 9.3 8.9 9.1 9.0
Ruth Mendez
9.8 8.5 6.0 8.8 8.6 7.1 7.8 8.0 7.2 8.3
Melvin Ingram
9.9 7.3 6.3 7.0 6.8 6.2 8.9 9.5 6.5 6.0
Tara Silva
8.1 7.1 9.4 7.2 9.2 6.4 9.5 8.4 6.7 6.6
Joann Gardner
6.9 8.0 8.7 8.9 9.1 7.5 8.2 6.3 8.4 6.2
Jeff Barnes
6.4 7.2 8.3 8.6 7.9 6.0 7.1 6.7 9.5 9.9
Lucille Dixon
9.5 6.5 9.3 9.4 8.5 8.7 6.2 9.7 8.7 8.2
Krista James
8.4 9.4 8.1 6.3 6.1 8.6 9.6 9.1 9.9 8.8
Naomi Sanders
7.0 7.2 8.7 9.1 9.6 6.6 9.4 9.8 8.4 7.6
Ricky McCarthy
9.8 7.2 9.0 8.5 6.2 6.5 9.1 8.4 8.1 8.7
Susan Harper
6.0 7.1 8.8 9.1 6.6 6.3 6.1 8.0 6.9 8.5
